[MAPINFO_FILEPATH]
FILEPATH=E:\libin\libin\更新包程序\SLAMAP_029042016\sgn_(2015.12.01)_5.0.gst

CENTERX=114.479892
CENTERY=22.708534
MAPZOOM=10.558424
